Source,Target
32531,32460
32393,32396
32516,32448
32516,32525
32516,32443
32516,32463
32431,32477
32431,32507
32474,32405
32474,32544
32474,32507
32474,32396
32474,32393
32437,32540
32437,32420
32437,32523
32472,32540
32472,32441
32423,32396
